intrinsic:
881.2414732601197 0.0 549.8323858973569 
0.0 895.8900539207795 409.42578304410426 
0.0 0.0 1.0 
distortion:
-0.4815818185676886 3.184213372372176 -0.007095162087445512 0.05650387510790863 -10.751054885225752 
