intrinsic:
2335.5181133141677 0.0 666.9737563158048 
0.0 2433.8788402088994 329.10069883728664 
0.0 0.0 1.0 
distortion:
0.6149637696032481 -1.7457168200275754 0.0035939424082341047 0.015544780514747355 -37.34680024643502 
